{
 "cells": [
  {
   "cell_type": "code",
   "execution_count": 5,
   "metadata": {},
   "outputs": [
    {
     "name": "stdout",
     "output_type": "stream",
     "text": [
      "[[  0.         200.53073323 208.25412909 ... 204.32871628 210.6586709\n",
      "  207.94312183]\n",
      " [200.53073323   0.         201.93910391 ... 201.97932577 202.71633878\n",
      "  203.59343405]\n",
      " [208.25412909 201.93910391   0.         ... 199.96532944 207.28296604\n",
      "  214.28214378]\n",
      " ...\n",
      " [204.32871628 201.97932577 199.96532944 ...   0.         207.2931612\n",
      "  211.02945219]\n",
      " [210.6586709  202.71633878 207.28296604 ... 207.2931612    0.\n",
      "  212.93852912]\n",
      " [207.94312183 203.59343405 214.28214378 ... 211.02945219 212.93852912\n",
      "    0.        ]]\n",
      "[[  0.         199.7162189  207.40233331 ... 203.51842712 209.81834871\n",
      "  207.10393003]\n",
      " [199.7162189    0.         201.12434402 ... 201.16971345 201.89885013\n",
      "  202.76658754]\n",
      " [207.40233331 201.12434402   0.         ... 199.16106471 206.44817608\n",
      "  213.41152471]\n",
      " ...\n",
      " [203.51842712 201.16971345 199.16106471 ...   0.         206.46835761\n",
      "  210.19664427]\n",
      " [209.81834871 201.89885013 206.44817608 ... 206.46835761   0.\n",
      "  212.08726137]\n",
      " [207.10393003 202.76658754 213.41152471 ... 210.19664427 212.08726137\n",
      "    0.        ]]\n",
      "[[  0.         199.39162776 207.06284917 ... 203.19556308 209.48347327\n",
      "  206.76950181]\n",
      " [199.39162776   0.         200.79964351 ... 200.84712106 201.57310994\n",
      "  202.43708094]\n",
      " [207.06284917 200.79964351   0.         ... 198.84062256 206.1155183\n",
      "  213.06455039]\n",
      " ...\n",
      " [203.19556308 200.84712106 198.84062256 ...   0.         206.13970594\n",
      "  209.86478731]\n",
      " [209.48347327 201.57310994 206.1155183  ... 206.13970594   0.\n",
      "  211.74798254]\n",
      " [206.76950181 202.43708094 213.06455039 ... 209.86478731 211.74798254\n",
      "    0.        ]]\n",
      "[[  0.         199.06437042 206.72056421 ... 202.87006372 209.14584716\n",
      "  206.43232671]\n",
      " [199.06437042   0.         200.47227207 ... 200.52189687 201.24470915\n",
      "  202.10486908]\n",
      " [206.72056421 200.47227207   0.         ... 198.51757526 205.78013439\n",
      "  212.71471667]\n",
      " ...\n",
      " [202.87006372 200.52189687 198.51757526 ...   0.         205.80837087\n",
      "  209.53021453]\n",
      " [209.14584716 201.24470915 205.78013439 ... 205.80837087   0.\n",
      "  211.40589962]\n",
      " [206.43232671 202.10486908 212.71471667 ... 209.53021453 211.40589962\n",
      "    0.        ]]\n",
      "[[  0.         198.73443105 206.37546174 ... 202.54191363 208.80545397\n",
      "  206.09238844]\n",
      " [198.73443105   0.         200.14221395 ... 200.19402563 200.91363235\n",
      "  201.76993614]\n",
      " [206.37546174 200.14221395   0.         ... 198.19190781 205.44200845\n",
      "  212.36200635]\n",
      " ...\n",
      " [202.54191363 200.19402563 198.19190781 ...   0.         205.4743369\n",
      "  209.19291002]\n",
      " [208.80545397 200.91363235 205.44200845 ... 205.4743369    0.\n",
      "  211.06099546]\n",
      " [206.09238844 201.76993614 212.36200635 ... 209.19291002 211.06099546\n",
      "    0.        ]]\n",
      "[[  0.         198.40179381 206.02752513 ... 202.21109742 208.46227736\n",
      "  205.74967073]\n",
      " [198.40179381   0.         199.80945343 ... 199.86349215 200.57986422\n",
      "  201.43226634]\n",
      " [206.02752513 199.80945343   0.         ... 197.86360528 205.10112462\n",
      "  212.00640229]\n",
      " ...\n",
      " [202.21109742 199.86349215 197.86360528 ...   0.         205.13758854\n",
      "  208.85285787]\n",
      " [208.46227736 200.57986422 205.10112462 ... 205.13758854   0.\n",
      "  210.71325295]\n",
      " [205.74967073 201.43226634 212.00640229 ... 208.85285787 210.71325295\n",
      "    0.        ]]\n",
      "[[  0.         198.06644293 205.67673779 ... 201.87759977 208.11630101\n",
      "  205.40415738]\n",
      " [198.06644293   0.         199.47397482 ... 199.53028127 200.24338944\n",
      "  201.09184397]\n",
      " [205.67673779 199.47397482   0.         ... 197.53265278 204.75746711\n",
      "  211.64788739]\n",
      " ...\n",
      " [201.87759977 199.53028127 197.53265278 ...   0.         204.79811036\n",
      "  208.51004223]\n",
      " [208.11630101 200.24338944 204.75746711 ... 204.79811036   0.\n",
      "  210.36265501]\n",
      " [205.40415738 201.09184397 211.64788739 ... 208.51004223 210.36265501\n",
      "    0.        ]]\n",
      "[[  0.         197.72836267 205.32308318 ... 201.54140537 207.76750866\n",
      "  205.05583223]\n",
      " [197.72836267   0.         199.1357625  ... 199.19437787 199.90419279\n",
      "  200.74865338]\n",
      " [205.32308318 199.1357625    0.         ... 197.19903546 204.41102017\n",
      "  211.28644459]\n",
      " ...\n",
      " [201.54140537 199.19437787 197.19903546 ...   0.         204.45588701\n",
      "  208.16444732]\n",
      " [207.76750866 199.90419279 204.41102017 ... 204.45588701   0.\n",
      "  210.0091846 ]\n",
      " [205.05583223 200.74865338 211.28644459 ... 208.16444732 210.0091846\n",
      "    0.        ]]\n",
      "[[  0.         197.38753734 204.96654483 ... 201.20249896 207.4158841\n",
      "  204.70467918]\n",
      " [197.38753734   0.         198.7948009  ... 198.85576689 199.56225909\n",
      "  200.40267899]\n",
      " [204.96654483 198.7948009    0.         ... 196.8627385  204.06176812\n",
      "  210.92205687]\n",
      " ...\n",
      " [201.20249896 198.85576689 196.8627385  ...   0.         204.11090318\n",
      "  207.81605736]\n",
      " [207.4158841  199.56225909 204.06176812 ... 204.11090318   0.\n",
      "  209.65282472]\n",
      " [204.70467918 200.40267899 210.92205687 ... 207.81605736 209.65282472\n",
      "    0.        ]]\n",
      "[[  0.         197.04395129 204.60710633 ... 200.86086535 207.06141116\n",
      "  204.35068219]\n",
      " [197.04395129   0.         198.45107452 ... 198.51443334 199.21757322\n",
      "  200.0539053 ]\n",
      " [204.60710633 198.45107452   0.         ... 196.52374717 203.70969534\n",
      "  210.5547073 ]\n",
      " ...\n",
      " [200.86086535 198.51443334 196.52374717 ...   0.         203.76314362\n",
      "  207.46485666]\n",
      " [207.06141116 199.21757322 203.70969534 ... 203.76314362   0.\n",
      "  209.29355842]\n",
      " [204.35068219 200.0539053  210.5547073  ... 207.46485666 209.29355842\n",
      "    0.        ]]\n",
      "[[  0.         196.69758896 204.24475133 ... 200.51648938 206.70407376\n",
      "  203.9938253 ]\n",
      " [196.69758896   0.         198.10456791 ... 198.17036227 198.87012014\n",
      "  199.70231687]\n",
      " [204.24475133 198.10456791   0.         ... 196.18204675 203.35478627\n",
      "  210.18437897]\n",
      " ...\n",
      " [200.51648938 198.17036227 196.18204675 ...   0.         203.41259317\n",
      "  207.11082956]\n",
      " [206.70407376 198.87012014 203.35478627 ... 203.41259317   0.\n",
      "  208.9313688 ]\n",
      " [203.9938253  199.70231687 210.18437897 ... 207.11082956 208.9313688\n",
      "    0.        ]]\n",
      "[[  0.         196.34843479 203.87946358 ... 200.16935596 206.34385584\n",
      "  203.63409261]\n",
      " [196.34843479   0.         197.7552657  ... 197.8235388  198.51988488\n",
      "  199.34789836]\n",
      " [203.87946358 197.7552657    0.         ... 195.8376226  202.99702544\n",
      "  209.81105507]\n",
      " ...\n",
      " [200.16935596 197.8235388  195.8376226  ...   0.         203.05923671\n",
      "  206.75396049]\n",
      " [206.34385584 198.51988488 202.99702544 ... 203.05923671   0.\n",
      "  208.56623901]\n",
      " [203.63409261 199.34789836 209.81105507 ... 206.75396049 208.56623901\n",
      "    0.        ]]\n",
      "[[  0.         195.99647335 203.51122687 ... 199.81945005 205.98074146\n",
      "  203.27146829]\n",
      " [195.99647335   0.         197.40315258 ... 197.47394811 198.16685254\n",
      "  198.99063452]\n",
      " [203.51122687 197.40315258   0.         ... 195.49046015 202.63639745\n",
      "  209.43471884]\n",
      " ...\n",
      " [199.81945005 197.47394811 195.49046015 ...   0.         202.70305924\n",
      "  206.3942339 ]\n",
      " [205.98074146 198.16685254 202.63639745 ... 202.70305924   0.\n",
      "  208.19815226]\n",
      " [203.27146829 198.99063452 209.43471884 ... 206.3942339  208.19815226\n",
      "    0.        ]]\n",
      "[[  0.         195.64168922 203.14002511 ... 199.46675668 205.61471472\n",
      "  202.90593661]\n",
      " [195.64168922   0.         197.04821332 ... 197.12157547 197.81100832\n",
      "  198.63051019]\n",
      " [203.14002511 197.04821332   0.         ... 195.14054488 202.27288697\n",
      "  209.0553536 ]\n",
      " ...\n",
      " [199.46675668 197.12157547 195.14054488 ...   0.         202.34404579\n",
      "  206.03163435]\n",
      " [205.61471472 197.81100832 202.27288697 ... 202.34404579   0.\n",
      "  207.82709183]\n",
      " [202.90593661 198.63051019 209.0553536  ... 206.03163435 207.82709183\n",
      "    0.        ]]\n",
      "[[  0.         195.28406709 202.76584228 ... 199.11126093 205.2457598\n",
      "  202.53748192]\n",
      " [195.28406709   0.         196.69043279 ... 196.7664062  197.45233748\n",
      "  198.26751031]\n",
      " [202.76584228 196.69043279   0.         ... 194.78786232 201.90647876\n",
      "  208.67294276]\n",
      " ...\n",
      " [199.11126093 196.7664062  194.78786232 ...   0.         201.98218152\n",
      "  205.66614645]\n",
      " [205.2457598  197.45233748 201.90647876 ... 201.98218152   0.\n",
      "  207.45304108]\n",
      " [202.53748192 198.26751031 208.67294276 ... 205.66614645 207.45304108\n",
      "    0.        ]]\n",
      "[[  0.         194.92359171 202.38866246 ... 198.75294797 204.87386097\n",
      "  202.16608866]\n",
      " [194.92359171   0.         196.32979591 ... 196.40842572 197.0908254\n",
      "  197.90161993]\n",
      " [202.38866246 196.32979591   0.         ... 194.43239811 201.53715769\n",
      "  208.28746979]\n",
      " ...\n",
      " [198.75294797 196.40842572 194.43239811 ...   0.         201.61745165\n",
      "  205.29775487]\n",
      " [204.87386097 197.0908254  201.53715769 ... 201.61745165   0.\n",
      "  207.07598342]\n",
      " [202.16608866 197.90161993 208.28746979 ... 205.29775487 207.07598342\n",
      "    0.        ]]\n"
     ]
    },
    {
     "name": "stdout",
     "output_type": "stream",
     "text": [
      "[[  0.         194.56024791 202.00846982 ... 198.39180303 204.49900259\n",
      "  201.79174138]\n",
      " [194.56024791   0.         195.96628774 ... 196.0476195  196.72645752\n",
      "  197.5328242 ]\n",
      " [202.00846982 195.96628774   0.         ... 194.07413793 201.16490871\n",
      "  207.89891828]\n",
      " ...\n",
      " [198.39180303 196.0476195  194.07413793 ...   0.         201.24984151\n",
      "  204.92644439]\n",
      " [204.49900259 196.72645752 201.16490871 ... 201.24984151   0.\n",
      "  206.69590236]\n",
      " [201.79174138 197.5328242  207.89891828 ... 204.92644439 206.69590236\n",
      "    0.        ]]\n",
      "[[  0.         194.19402061 201.62524864 ... 198.02781143 204.1211691\n",
      "  201.4144247 ]\n",
      " [194.19402061   0.         195.59989339 ... 195.68397313 196.35921942\n",
      "  197.1611084 ]\n",
      " [201.62524864 195.59989339   0.         ... 193.71306755 200.78971685\n",
      "  207.5072719 ]\n",
      " ...\n",
      " [198.02781143 195.68397313 193.71306755 ...   0.         200.87933651\n",
      "  204.55219985]\n",
      " [204.1211691  196.35921942 200.78971685 ... 200.87933651   0.\n",
      "  206.31278149]\n",
      " [201.4144247  197.1611084  207.5072719  ... 204.55219985 206.31278149\n",
      "    0.        ]]\n",
      "[[  0.         193.82489481 201.23898331 ... 197.66095855 203.74034507\n",
      "  201.0341234 ]\n",
      " [193.82489481   0.         195.2305981  ... 195.31747226 195.98909677\n",
      "  196.78645795]\n",
      " [201.23898331 195.2305981    0.         ... 193.34917283 200.41156727\n",
      "  207.11251441]\n",
      " ...\n",
      " [197.66095855 195.31747226 193.34917283 ...   0.         200.50592219\n",
      "  204.17500619]\n",
      " [203.74034507 195.98909677 200.41156727 ... 200.50592219   0.\n",
      "  205.9266045 ]\n",
      " [201.0341234  196.78645795 207.11251441 ... 204.17500619 205.9266045\n",
      "    0.        ]]\n",
      "[[  0.         193.45285563 200.84965835 ... 197.29122986 203.35651513\n",
      "  200.65082235]\n",
      " [193.45285563   0.         194.85838721 ... 194.94810267 195.61607533\n",
      "  196.40885836]\n",
      " [200.84965835 194.85838721   0.         ... 192.98243969 200.03044524\n",
      "  206.71462971]\n",
      " ...\n",
      " [197.29122986 194.94810267 192.98243969 ...   0.         200.12958417\n",
      "  203.79484843]\n",
      " [203.35651513 195.61607533 200.03044524 ... 200.12958417   0.\n",
      "  205.53735515]\n",
      " [200.65082235 196.40885836 206.71462971 ... 203.79484843 205.53735515\n",
      "    0.        ]]\n",
      "[[  0.         193.07788826 200.45725836 ... 196.91861094 202.96966405\n",
      "  200.26450653]\n",
      " [193.07788826   0.         194.48324616 ... 194.57585019 195.24014101\n",
      "  196.02829532]\n",
      " [200.45725836 194.48324616   0.         ... 192.61285416 199.64633612\n",
      "  206.31360177]\n",
      " ...\n",
      " [196.91861094 194.57585019 192.61285416 ...   0.         199.7503082\n",
      "  203.4117117 ]\n",
      " [202.96966405 195.24014101 199.64633612 ... 199.7503082    0.\n",
      "  205.14501733]\n",
      " [200.26450653 196.02829532 206.31360177 ... 203.4117117  205.14501733\n",
      "    0.        ]]\n",
      "[[  0.         192.69997802 200.06176811 ... 196.54308743 202.57977669\n",
      "  199.87516107]\n",
      " [192.69997802   0.         194.10516053 ... 194.20070079 194.86127982\n",
      "  195.64475463]\n",
      " [200.06176811 194.10516053   0.         ... 192.24040234 199.25922542\n",
      "  205.90941471]\n",
      " ...\n",
      " [196.54308743 194.20070079 192.24040234 ...   0.         199.36808013\n",
      "  203.02558121]\n",
      " [202.57977669 194.86127982 199.25922542 ... 199.36808013   0.\n",
      "  204.74957504]\n",
      " [199.87516107 195.64475463 205.90941471 ... 203.02558121 204.74957504\n",
      "    0.        ]]\n",
      "[[  0.         192.31911031 199.66317247 ... 196.16464507 202.18683805\n",
      "  199.48277123]\n",
      " [192.31911031   0.         193.72411599 ... 193.82264053 194.4794779\n",
      "  195.25822226]\n",
      " [199.66317247 193.72411599   0.         ... 191.86507046 198.86909874\n",
      "  205.50205277]\n",
      " ...\n",
      " [196.16464507 193.82264053 191.86507046 ...   0.         198.98288595\n",
      "  202.6364423 ]\n",
      " [202.18683805 194.4794779  198.86909874 ... 198.98288595   0.\n",
      "  204.35101237]\n",
      " [199.48277123 195.25822226 205.50205277 ... 202.6364423  204.35101237\n",
      "    0.        ]]\n",
      "[[  0.         191.93527066 199.26145647 ... 195.78326973 201.79083325\n",
      "  199.08732241]\n",
      " [191.93527066   0.         193.34009836 ... 193.44165557 194.09472152\n",
      "  194.86868433]\n",
      " [199.26145647 193.34009836   0.         ... 191.48684481 198.47594182\n",
      "  205.09150029]\n",
      " ...\n",
      " [195.78326973 193.44165557 191.48684481 ...   0.         198.59471176\n",
      "  202.24428039]\n",
      " [201.79083325 194.09472152 198.47594182 ... 198.59471176   0.\n",
      "  203.94931355]\n",
      " [199.08732241 194.86868433 205.09150029 ... 202.24428039 203.94931355\n",
      "    0.        ]]\n",
      "[[  0.         191.54844474 198.85660526 ... 195.39894734 201.39174753\n",
      "  198.68880014]\n",
      " [191.54844474   0.         192.95309359 ... 193.0577322  193.7069971\n",
      "  194.47612713]\n",
      " [198.85660526 192.95309359   0.         ... 191.10571181 198.07974055\n",
      "  204.67774179]\n",
      " ...\n",
      " [195.39894734 193.0577322  191.10571181 ...   0.         198.20354379\n",
      "  201.84908105]\n",
      " [201.39174753 193.7069971  198.07974055 ... 198.20354379   0.\n",
      "  203.54446294]\n",
      " [198.68880014 194.47612713 204.67774179 ... 201.84908105 203.54446294\n",
      "    0.        ]]\n",
      "[[  0.         191.1586183  198.44860416 ... 195.01166395 200.98956628\n",
      "  198.28719014]\n",
      " [191.1586183    0.         192.56308776 ... 192.67085682 193.31629119\n",
      "  194.08053711]\n",
      " [198.44860416 192.56308776   0.         ... 190.72165796 197.68048093\n",
      "  204.2607619 ]\n",
      " ...\n",
      " [195.01166395 192.67085682 190.72165796 ...   0.         197.80936842\n",
      "  201.45082993]\n",
      " [200.98956628 193.31629119 197.68048093 ... 197.80936842   0.\n",
      "  203.13644501]\n",
      " [198.28719014 194.08053711 204.2607619  ... 201.45082993 203.13644501\n",
      "    0.        ]]\n",
      "[[  0.         190.76577726 198.03743864 ... 194.62140575 200.58427501\n",
      "  197.88247827]\n",
      " [190.76577726   0.         192.17006709 ... 192.28101595 192.92259049\n",
      "  193.6819009 ]\n",
      " [198.03743864 192.17006709   0.         ... 190.33466989 197.27814913\n",
      "  203.8405454 ]\n",
      " ...\n",
      " [194.62140575 192.28101595 190.33466989 ...   0.         197.41217216\n",
      "  201.04951283]\n",
      " [200.58427501 192.92259049 197.27814913 ... 197.41217216   0.\n",
      "  202.72524439]\n",
      " [197.88247827 193.6819009  203.8405454  ... 201.04951283 202.72524439\n",
      "    0.        ]]\n",
      "[[  0.         190.36990765 197.62309432 ... 194.22815899 200.1758594\n",
      "  197.47465055]\n",
      " [190.36990765   0.         191.77401797 ... 191.88819624 192.52588185\n",
      "  193.28020533]\n",
      " [197.62309432 191.77401797   0.         ... 189.94473435 196.87273145\n",
      "  203.41707723]\n",
      " ...\n",
      " [194.22815899 191.88819624 189.94473435 ...   0.         197.01194165\n",
      "  200.64511567]\n",
      " [200.1758594  192.52588185 196.87273145 ... 197.01194165   0.\n",
      "  202.31084585]\n",
      " [197.47465055 193.28020533 203.41707723 ... 200.64511567 202.31084585\n",
      "    0.        ]]\n",
      "[[  0.         189.97099565 197.205557   ... 193.83191009 199.76430526\n",
      "  197.06369319]\n",
      " [189.97099565   0.         191.37492691 ... 191.49238446 192.12615229\n",
      "  192.87543739]\n",
      " [197.205557   191.37492691   0.         ... 189.55183818 196.46421434\n",
      "  202.99034249]\n",
      " ...\n",
      " [193.83191009 191.49238446 189.55183818 ...   0.         196.60866371\n",
      "  200.2376245 ]\n",
      " [199.76430526 192.12615229 196.46421434 ... 196.60866371   0.\n",
      "  201.89323431]\n",
      " [197.06369319 192.87543739 202.99034249 ... 200.2376245  201.89323431\n",
      "    0.        ]]\n",
      "[[  0.         189.5690276  196.78481265 ... 193.43264555 199.34959859\n",
      "  196.64959259]\n",
      " [189.5690276    0.         190.97278061 ... 191.09356753 191.72338898\n",
      "  192.46758431]\n",
      " [196.78481265 190.97278061   0.         ... 189.15596837 196.05258442\n",
      "  202.56032644]\n",
      " ...\n",
      " [193.43264555 191.09356753 189.15596837 ...   0.         196.2023253\n",
      "  199.82702552]\n",
      " [199.34959859 191.72338898 196.05258442 ... 196.2023253    0.\n",
      "  201.47239485]\n",
      " [196.64959259 192.46758431 202.56032644 ... 199.82702552 201.47239485\n",
      "    0.        ]]\n",
      "[[  0.         189.16398995 196.36084742 ... 193.03035202 198.93172552\n",
      "  196.23233532]\n",
      " [189.16398995   0.         190.56756592 ... 190.69173249 191.31757927\n",
      "  192.05663349]\n",
      " [196.36084742 190.56756592   0.         ... 188.75711203 195.63782847\n",
      "  202.12701452]\n",
      " ...\n",
      " [193.03035202 190.69173249 188.75711203 ...   0.         195.79291352\n",
      "  199.41330507]\n",
      " [198.93172552 191.31757927 195.63782847 ... 195.79291352   0.\n",
      "  201.04831272]\n",
      " [196.23233532 192.05663349 202.12701452 ... 199.41330507 201.04831272\n",
      "    0.        ]]\n",
      "[[  0.         188.75586935 195.93364764 ... 192.62501628 198.51067237\n",
      "  195.81190816]\n",
      " [188.75586935   0.         190.15926986 ... 190.28686653 190.90871069\n",
      "  191.64257256]\n",
      " [195.93364764 190.15926986   0.         ... 188.35525638 195.21993345\n",
      "  201.69039234]\n",
      " ...\n",
      " [192.62501628 190.28686653 188.35525638 ...   0.         195.38041565\n",
      "  198.99644963]\n",
      " [198.51067237 190.90871069 195.21993345 ... 195.38041565   0.\n",
      "  200.62097334]\n",
      " [195.81190816 191.64257256 201.69039234 ... 198.99644963 200.62097334\n",
      "    0.        ]]\n"
     ]
    },
    {
     "name": "stdout",
     "output_type": "stream",
     "text": [
      "[[  0.         188.34465259 195.50319984 ... 192.21662522 198.08642563\n",
      "  195.38829809]\n",
      " [188.34465259   0.         189.74787964 ... 189.878957   190.49677094\n",
      "  191.22538937]\n",
      " [195.50319984 189.74787964   0.         ... 187.9503888  194.79888646\n",
      "  201.2504457 ]\n",
      " ...\n",
      " [192.21662522 189.878957   187.9503888  ...   0.         194.96481916\n",
      "  198.57644585]\n",
      " [198.08642563 190.49677094 194.79888646 ... 194.96481916   0.\n",
      "  200.1903623 ]\n",
      " [195.38829809 191.22538937 201.2504457  ... 198.57644585 200.1903623\n",
      "    0.        ]]\n",
      "[[  0.         187.93032663 195.06949075 ... 191.80516589 197.65897198\n",
      "  194.96149231]\n",
      " [187.93032663   0.         189.33338264 ... 189.46799138 190.08174791\n",
      "  190.80507201]\n",
      " [195.06949075 189.33338264   0.         ... 187.5424968  194.37467481\n",
      "  200.80716059]\n",
      " ...\n",
      " [191.80516589 189.46799138 187.5424968  ...   0.         194.54611166\n",
      "  198.15328052]\n",
      " [197.65897198 190.08174791 194.37467481 ... 194.54611166   0.\n",
      "  199.75646539]\n",
      " [194.96149231 190.80507201 200.80716059 ... 198.15328052 199.75646539\n",
      "    0.        ]]\n",
      "[[  0.         187.51287861 194.63250731 ... 191.39062547 197.22829828\n",
      "  194.53147822]\n",
      " [187.51287861   0.         188.91576643 ... 189.0539573  189.66362969\n",
      "  190.38160878]\n",
      " [194.63250731 188.91576643   0.         ... 187.13156803 193.947286\n",
      "  200.3605232 ]\n",
      " ...\n",
      " [191.39062547 189.0539573  187.13156803 ...   0.         194.12428095\n",
      "  197.72694062]\n",
      " [197.22829828 189.66362969 193.947286   ... 194.12428095   0.\n",
      "  199.3192686 ]\n",
      " [194.53147822 190.38160878 200.3605232  ... 197.72694062 199.3192686\n",
      "    0.        ]]\n",
      "[[  0.         187.09229583 194.19223666 ... 190.97299129 196.79439159\n",
      "  194.09824348]\n",
      " [187.09229583   0.         188.49501878 ... 188.63684258 189.24240456\n",
      "  189.95498824]\n",
      " [194.19223666 188.49501878   0.         ... 186.71759028 193.51670768\n",
      "  199.91051991]\n",
      " ...\n",
      " [190.97299129 188.63684258 186.71759028 ...   0.         193.69931501\n",
      "  197.29741329]\n",
      " [196.79439159 189.24240456 193.51670768 ... 193.69931501   0.\n",
      "  198.87875808]\n",
      " [194.09824348 189.95498824 199.91051991 ... 197.29741329 198.87875808\n",
      "    0.        ]]\n",
      "[[  0.         186.66856579 193.74866616 ... 190.55225083 196.35723916\n",
      "  193.66177595]\n",
      " [186.66856579   0.         188.07112765 ... 188.21663518 188.81806102\n",
      "  189.52519919]\n",
      " [193.74866616 188.07112765   0.         ... 186.30055151 193.08292775\n",
      "  199.45713732]\n",
      " ...\n",
      " [190.55225083 188.21663518 186.30055151 ...   0.         193.27120203\n",
      "  196.86468585]\n",
      " [196.35723916 188.81806102 193.08292775 ... 193.27120203   0.\n",
      "  198.43492025]\n",
      " [193.66177595 189.52519919 199.45713732 ... 196.86468585 198.43492025\n",
      "    0.        ]]\n",
      "[[  0.         186.24167617 193.30178342 ... 190.12839172 195.91682846\n",
      "  193.22206376]\n",
      " [186.24167617   0.         187.64408122 ... 187.79332322 188.39058775\n",
      "  189.09223072]\n",
      " [193.30178342 187.64408122   0.         ... 185.88043983 192.64593426\n",
      "  199.00036226]\n",
      " ...\n",
      " [190.12839172 187.79332322 185.88043983 ...   0.         192.83993036\n",
      "  196.4287458 ]\n",
      " [195.91682846 188.39058775 192.64593426 ... 192.83993036   0.\n",
      "  197.98774168]\n",
      " [193.22206376 189.09223072 199.00036226 ... 196.4287458  197.98774168\n",
      "    0.        ]]\n",
      "[[  0.         185.81161486 192.85157626 ... 189.70140175 195.47314716\n",
      "  192.77909528]\n",
      " [185.81161486   0.         187.21386787 ... 187.36689502 187.95997368\n",
      "  188.65607214]\n",
      " [192.85157626 187.21386787   0.         ... 185.45724351 192.2057155\n",
      "  198.54018177]\n",
      " ...\n",
      " [189.70140175 187.36689502 185.45724351 ...   0.         192.40548856\n",
      "  195.98958084]\n",
      " [195.47314716 187.95997368 192.2057155  ... 192.40548856   0.\n",
      "  197.53720922]\n",
      " [192.77909528 188.65607214 198.54018177 ... 195.98958084 197.53720922\n",
      "    0.        ]]\n",
      "[[  0.         185.37836994 192.39803275 ... 189.27126887 195.02618316\n",
      "  192.33285914]\n",
      " [185.37836994   0.         186.7804762  ... 186.93733905 187.52620794\n",
      "  188.21671305]\n",
      " [192.39803275 186.7804762    0.         ... 185.03095098 191.76225996\n",
      "  198.07658311]\n",
      " ...\n",
      " [189.27126887 186.93733905 185.03095098 ...   0.         191.96786541\n",
      "  195.54717886]\n",
      " [195.02618316 187.52620794 191.76225996 ... 191.96786541   0.\n",
      "  197.0833099 ]\n",
      " [192.33285914 188.21671305 198.07658311 ... 195.54717886 197.0833099\n",
      "    0.        ]]\n",
      "[[  0.         184.94192969 191.94114121 ... 188.8379812  194.57592458\n",
      "  191.88334422]\n",
      " [184.94192969   0.         186.34389504 ... 186.50464398 187.08927988\n",
      "  187.77414335]\n",
      " [191.94114121 186.34389504   0.         ... 184.60155085 191.31555634\n",
      "  197.6095538 ]\n",
      " ...\n",
      " [188.8379812  186.50464398 184.60155085 ...   0.         191.52704988\n",
      "  195.10152794]\n",
      " [194.57592458 187.08927988 191.31555634 ... 191.52704988   0.\n",
      "  196.62603101]\n",
      " [191.88334422 187.77414335 197.6095538  ... 195.10152794 196.62603101\n",
      "    0.        ]]\n",
      "[[  0.         184.5022826  191.48089022 ... 188.40152702 194.12235977\n",
      "  191.43053971]\n",
      " [184.5022826    0.         185.90411344 ... 186.06879864 186.64917912\n",
      "  187.32835321]\n",
      " [191.48089022 185.90411344   0.         ... 184.1690319  190.86559358\n",
      "  197.13908158]\n",
      " ...\n",
      " [188.40152702 186.06879864 184.1690319  ...   0.         191.08303115\n",
      "  194.6526164 ]\n",
      " [194.12235977 186.64917912 190.86559358 ... 191.08303115   0.\n",
      "  196.16536009]\n",
      " [191.43053971 187.32835321 197.13908158 ... 194.6526164  196.16536009\n",
      "    0.        ]]\n",
      "[[  0.         184.05941739 191.01726863 ... 187.9618948  193.66547731\n",
      "  190.97443504]\n",
      " [184.05941739   0.         185.46112071 ... 185.62979208 186.20589546\n",
      "  186.87933308]\n",
      " [191.01726863 185.46112071   0.         ... 183.73338311 190.41236084\n",
      "  196.66515446]\n",
      " ...\n",
      " [187.9618948  185.62979208 183.73338311 ...   0.         190.63579863\n",
      "  194.20043276]\n",
      " [193.66547731 186.20589546 190.41236084 ... 190.63579863   0.\n",
      "  195.70128491]\n",
      " [190.97443504 186.87933308 196.66515446 ... 194.20043276 195.70128491\n",
      "    0.        ]]\n",
      "[[  0.         183.61332299 190.55026553 ... 187.51907318 193.20526603\n",
      "  190.51501997]\n",
      " [183.61332299   0.         185.01490637 ... 185.18761351 185.75941899\n",
      "  186.42707374]\n",
      " [190.55026553 185.01490637   0.         ... 183.29459362 189.95584752\n",
      "  196.1877607 ]\n",
      " ...\n",
      " [187.51907318 185.18761351 183.29459362 ...   0.         190.18534195\n",
      "  193.74496575]\n",
      " [193.20526603 185.75941899 189.95584752 ... 190.18534195   0.\n",
      "  195.23379352]\n",
      " [190.51501997 186.42707374 196.1877607  ... 193.74496575 195.23379352\n",
      "    0.        ]]\n",
      "[[  0.         183.16398857 190.07987032 ... 187.07305099 192.74171501\n",
      "  190.05228453]\n",
      " [183.16398857   0.         184.56546022 ... 184.74225237 185.30974003\n",
      "  185.97156626]\n",
      " [190.07987032 184.56546022   0.         ... 182.85265279 189.49604324\n",
      "  195.7068888 ]\n",
      " ...\n",
      " [187.07305099 184.74225237 182.85265279 ...   0.         189.73165096\n",
      "  193.28620435]\n",
      " [192.74171501 185.30974003 189.49604324 ... 189.73165096   0.\n",
      "  194.76287421]\n",
      " [190.05228453 185.97156626 195.7068888  ... 193.28620435 194.76287421\n",
      "    0.        ]]\n",
      "[[  0.         182.71140351 189.6060727  ... 186.62381725 192.27481358\n",
      "  189.58621905]\n",
      " [182.71140351   0.         184.11277229 ... 184.29369828 184.85684915\n",
      "  185.51280202]\n",
      " [189.6060727  184.11277229   0.         ... 182.40755015 189.03293791\n",
      "  195.22252757]\n",
      " ...\n",
      " [186.62381725 184.29369828 182.40755015 ...   0.         189.27471575\n",
      "  192.82413778]\n",
      " [192.27481358 184.85684915 189.03293791 ... 189.27471575   0.\n",
      "  194.28851555]\n",
      " [189.58621905 185.51280202 195.22252757 ... 192.82413778 194.28851555\n",
      "    0.        ]]\n",
      "[[  0.         182.25555746 189.12886262 ... 186.17136115 191.80455134\n",
      "  189.11681419]\n",
      " [182.25555746   0.         183.65683289 ... 183.84194107 184.40073717\n",
      "  185.05077273]\n",
      " [189.12886262 183.65683289   0.         ... 181.95927545 188.56652164\n",
      "  194.73466607]\n",
      " ...\n",
      " [186.17136115 183.84194107 181.95927545 ...   0.         188.81452664\n",
      "  192.35875549]\n",
      " [191.80455134 184.40073717 188.56652164 ... 188.81452664   0.\n",
      "  193.81070639]\n",
      " [189.11681419 185.05077273 194.73466607 ... 192.35875549 193.81070639\n",
      "    0.        ]]\n",
      "[[  0.         181.79644027 188.64823038 ... 185.71567213 191.33091815\n",
      "  188.64406091]\n",
      " [181.79644027   0.         183.19763259 ... 183.38697079 183.94139519\n",
      "  184.58547043]\n",
      " [188.64823038 183.19763259   0.         ... 181.50781866 188.09678484\n",
      "  194.24329366]\n",
      " ...\n",
      " [185.71567213 183.38697079 181.50781866 ...   0.         188.35107422\n",
      "  191.89004718]\n",
      " [191.33091815 183.94139519 188.09678484 ... 188.35107422   0.\n",
      "  193.32943587]\n",
      " [188.64406091 184.58547043 194.24329366 ... 191.89004718 193.32943587\n",
      "    0.        ]]\n"
     ]
    },
    {
     "name": "stdout",
     "output_type": "stream",
     "text": [
      "[[  0.         181.33404208 188.16416657 ... 185.25673979 190.85390412\n",
      "  188.16795052]\n",
      " [181.33404208   0.         182.73516225 ... 182.92877771 183.47881457\n",
      "  184.11688748]\n",
      " [188.16416657 182.73516225   0.         ... 181.05316995 187.62371817\n",
      "  193.74839995]\n",
      " ...\n",
      " [185.25673979 182.92877771 181.05316995 ...   0.         187.88434928\n",
      "  191.41800282]\n",
      " [190.85390412 183.47881457 187.62371817 ... 187.88434928   0.\n",
      "  192.8446934 ]\n",
      " [188.16795052 184.11688748 193.74839995 ... 191.41800282 192.8446934\n",
      "    0.        ]]\n",
      "[[  0.         180.86835326 187.67666212 ... 184.79455396 190.37349969\n",
      "  187.68847464]\n",
      " [180.86835326   0.         182.26941299 ... 182.46735229 183.01298693\n",
      "  183.6450166 ]\n",
      " [187.67666212 182.26941299   0.         ... 180.59531972 187.14731256\n",
      "  193.2499749 ]\n",
      " ...\n",
      " [184.79455396 182.46735229 180.59531972 ...   0.         187.41434292\n",
      "  190.94261266]\n",
      " [190.37349969 183.01298693 187.14731256 ... 187.41434292   0.\n",
      "  192.35646871]\n",
      " [187.68847464 183.6450166  193.2499749  ... 190.94261266 192.35646871\n",
      "    0.        ]]\n",
      "[[  0.         180.39936444 187.18570825 ... 184.32910468 189.88969553\n",
      "  187.20562523]\n",
      " [180.39936444   0.         181.80037624 ... 182.00268526 182.54390418\n",
      "  183.16985082]\n",
      " [187.18570825 181.80037624   0.         ... 180.1342586  186.66755922\n",
      "  192.74800875]\n",
      " ...\n",
      " [184.32910468 182.00268526 180.1342586  ...   0.         186.94104644\n",
      "  190.4638672 ]\n",
      " [189.88969553 182.54390418 186.66755922 ... 186.94104644   0.\n",
      "  191.86475182]\n",
      " [187.20562523 183.16985082 192.74800875 ... 190.4638672  191.86475182\n",
      "    0.        ]]\n",
      "[[  0.         179.92706651 186.69129658 ... 183.86038222 189.40248263\n",
      "  186.71939461]\n",
      " [179.92706651   0.         181.32804373 ... 181.53476754 182.07155851\n",
      "  182.69138356]\n",
      " [186.69129658 181.32804373   0.         ... 179.66997746 186.18444964\n",
      "  192.24249203]\n",
      " ...\n",
      " [183.86038222 181.53476754 179.66997746 ...   0.         186.46445146\n",
      "  189.98175724]\n",
      " [189.40248263 182.07155851 186.18444964 ... 186.46445146   0.\n",
      "  191.36953306]\n",
      " [186.71939461 182.69138356 192.24249203 ... 189.98175724 191.36953306\n",
      "    0.        ]]\n",
      "[[  0.         179.45145063 186.19341902 ... 183.38837707 188.91185227\n",
      "  186.22977544]\n",
      " [179.45145063   0.         180.85240746 ... 181.0635903  181.59594237\n",
      "  182.20960856]\n",
      " [186.19341902 180.85240746   0.         ... 179.2024674  185.69797563\n",
      "  191.73341561]\n",
      " ...\n",
      " [183.38837707 181.0635903  179.2024674  ...   0.         185.98454984\n",
      "  189.49627387]\n",
      " [188.91185227 181.59594237 185.69797563 ... 185.98454984   0.\n",
      "  190.87080307]\n",
      " [186.22977544 182.20960856 191.73341561 ... 189.49627387 190.87080307\n",
      "    0.        ]]\n",
      "[[  0.         178.97250824 185.69206789 ... 182.91307996 188.41779602\n",
      "  185.73676073]\n",
      " [178.97250824   0.         180.3734598  ... 180.58914498 181.11704853\n",
      "  181.72451994]\n",
      " [185.69206789 180.3734598    0.         ... 178.73171979 185.20812926\n",
      "  191.22077069]\n",
      " ...\n",
      " [182.91307996 180.58914498 178.73171979 ...   0.         185.50133373\n",
      "  189.00740848]\n",
      " [188.41779602 181.11704853 185.20812926 ... 185.50133373   0.\n",
      "  190.36855282]\n",
      " [185.73676073 181.72451994 191.22077069 ... 189.00740848 190.36855282\n",
      "    0.        ]]\n",
      "[[  0.         178.49023106 185.18723584 ... 182.43448187 187.92030577\n",
      "  185.24034388]\n",
      " [178.49023106   0.         179.89119338 ... 180.11142321 180.63487002\n",
      "  181.23611217]\n",
      " [185.18723584 179.89119338   0.         ... 178.25772625 184.71490293\n",
      "  190.70454878]\n",
      " ...\n",
      " [182.43448187 180.11142321 178.25772625 ...   0.         185.01479554\n",
      "  188.51515276]\n",
      " [187.92030577 180.63487002 184.71490293 ... 185.01479554   0.\n",
      "  189.8627736 ]\n",
      " [185.24034388 181.23611217 190.70454878 ... 188.51515276 189.8627736\n",
      "    0.        ]]\n",
      "[[  0.         178.00461106 184.6789159  ... 181.95257402 187.41937372\n",
      "  184.74051863]\n",
      " [178.00461106   0.         179.40560121 ... 179.63041691 180.14940021\n",
      "  180.7443801 ]\n",
      " [184.6789159  179.40560121   0.         ... 177.78047867 184.21828936\n",
      "  190.18474174]\n",
      " ...\n",
      " [181.95257402 179.63041691 177.78047867 ...   0.         184.52492799\n",
      "  188.01949874]\n",
      " [187.41937372 180.14940021 184.21828936 ... 184.52492799   0.\n",
      "  189.35345704]\n",
      " [184.74051863 180.7443801  190.18474174 ... 188.01949874 189.35345704\n",
      "    0.        ]]\n",
      "[[  0.         177.51564054 184.16710151 ... 181.46734788 186.91499238\n",
      "  184.2372791 ]\n",
      " [177.51564054   0.         178.9166766  ... 179.14611826 179.66063271\n",
      "  180.24931894]\n",
      " [184.16710151 178.9166766    0.         ... 177.2999692  183.71828156\n",
      "  189.66134177]\n",
      " ...\n",
      " [181.46734788 179.14611826 177.2999692  ...   0.         184.0317241\n",
      "  187.52043876]\n",
      " [186.91499238 179.66063271 183.71828156 ... 184.0317241    0.\n",
      "  188.84059509]\n",
      " [184.2372791  180.24931894 189.66134177 ... 187.52043876 188.84059509\n",
      "    0.        ]]\n",
      "[[  0.         177.02331206 183.65178648 ... 180.97879519 186.40715458\n",
      "  183.73061979]\n",
      " [177.02331206   0.         178.42441322 ... 178.65851968 179.16856148\n",
      "  179.7509243 ]\n",
      " [183.65178648 178.42441322   0.         ... 176.81619031 183.21487291\n",
      "  189.13434143]\n",
      " ...\n",
      " [180.97879519 178.65851968 176.81619031 ...   0.         183.53517718\n",
      "  187.01796552]\n",
      " [186.40715458 179.16856148 183.21487291 ... 183.53517718   0.\n",
      "  188.32418004]\n",
      " [183.73061979 179.7509243  189.13434143 ... 187.01796552 188.32418004\n",
      "    0.        ]]\n",
      "[[  0.         176.52761848 183.13296503 ... 180.48690797 185.89585349\n",
      "  183.2205356 ]\n",
      " [176.52761848   0.         177.92880511 ... 178.16761387 178.67318076\n",
      "  179.24919213]\n",
      " [183.13296503 177.92880511   0.         ... 176.32913472 182.70805711\n",
      "  188.60373364]\n",
      " ...\n",
      " [180.48690797 178.16761387 176.32913472 ...   0.         183.03528085\n",
      "  186.51207204]\n",
      " [185.89585349 178.67318076 182.70805711 ... 183.03528085   0.\n",
      "  187.80420455]\n",
      " [183.2205356  179.24919213 188.60373364 ... 186.51207204 187.80420455\n",
      "    0.        ]]\n",
      "[[  0.         176.02855298 182.61063181 ... 179.99167852 185.38108262\n",
      "  182.70702178]\n",
      " [176.02855298   0.         177.42984665 ... 177.67339382 178.17448512\n",
      "  178.74411879]\n",
      " [182.61063181 177.42984665   0.         ... 175.83879548 182.1978282\n",
      "  188.06951168]\n",
      " ...\n",
      " [179.99167852 177.67339382 175.83879548 ...   0.         182.53202906\n",
      "  186.00275171]\n",
